-0.843300865828 19.3743032282 
-2.48424115253 22.1770428259 
-4.07085234525 24.5089253216 
-5.16947172014 26.6860654531 
-6.20840383695 29.1556304035 
-7.27003502959 31.8445631993 
-6.2300284177 33.025442435 
-3.97304881968 33.9274597646 
-1.29546726714 35.7345164848 
1.27171103953 34.7362541921 
2.59962166951 32.7801335888 
4.24260999396 29.6536367051 
5.33017703963 26.4741244633 
6.42218623775 24.0162467174 
7.90288438487 20.9228313807 
5.48890832607 18.9138290751 
1.35577803317 17.3707633498 
-2.0826842429 20.1879275166
